65,4
65,3
65,2
65,1
65,0
64,3
64,2
64,1
64,0
62,3
62,2
62,1
62,0
59,3
59,2
59,1
59,0
57,12
57,11
57,10
57,9
57,8
57,7
57,6
57,5
57,4
57,3
57,2
57,1
57,0
39,3
39,1
37,3
37,1
35,3
35,1
34,3
34,1
33,3
33,1
32,3
32,1
30,4
30,3
30,1
29,3
29,1
28,3
28,1
27,3
27,1
24,4
24,3
24,1
23,3
23,1
20,3
20,2
20,1
19,3
19,2
19,1
18,3
18,1
14,3
14,1
13,3
13,1
12,3
12,2
12,1
11,3
11,2
11,1
10,3
10,2
10,1
9,3
9,2
9,1
8,3
8,2
8,1
3,3
3,2
3,1
2,2
0,410
0,278
2,1
2,3
0,0
71,34
71,33
71,32
71,31
71,30
71,29
71,28
71,27
71,26
71,25
71,24
